-29365115.981868
-29365115.981868
-29365115.981868
-29365115.981868
-29365115.981868
-29365115.981868
-29365115.981868
-29365115.981868
-29365115.981868
-29365115.981868
-26896497.498827
-26763047.432404
-26896497.526620
-26763047.393598
-26896497.475528
-26896497.534440
-26896497.492244
-26896497.479856
-26896497.489012
-26896497.531290
-24882915.918240
-24882916.005909
-24882915.920219
-24882915.965593
-24882915.956317
-24882915.945144
-24882916.062896
-24882915.866261
-24882915.905818
-24882915.969500
-23813807.818425
-23813807.685479
-23813807.644950
-23813807.864310
-23813807.586731
-23813807.815598
-23813807.774668
-23813808.164893
-23813807.759549
-23813807.719961
-23337224.121046
-23337224.055029
-23261131.811729
-23337224.049841
-23261132.615124
-23337224.148860
-23337224.289668
-23337224.167443
-23337224.078847
-23337224.153533
-23054994.347695
-22785447.527169
-22785447.426410
-22785447.652281
-22785447.429598
-22785447.507955
-22785447.627254
-22785447.577768
-22785447.553558
-22785447.346063
