-15837471.279847
-15837471.279847
-15837471.279847
-15837471.279847
-15837471.279847
-15837471.279847
-15837471.279847
-15837471.279847
-15837471.279847
-15837471.279847
-13526135.112824
-13526135.090285
-13526135.106520
-13526135.101266
-13526135.103917
-13526135.107142
-13526135.090112
-13526135.094911
-13526135.055585
-13526135.105126
-13255096.854792
-13220304.039891
-13220304.039537
-13220303.999838
-13220304.007127
-13259998.327364
-13220304.044307
-13220304.023996
-13220304.041056
-13220304.030074
-12956520.324575
-12956520.225655
-12956520.430515
-12956520.340162
-12956520.343804
-12956520.293274
-12956520.424811
-12956520.421035
-12956520.382268
-12956520.427016
-12801571.489761
-12840813.130834
-12801571.404857
-12844917.861540
-12844917.925085
-12847530.633370
-12844917.875605
-12801571.537441
-12801571.916213
-12844241.056684
